23 22 22 25 30 34 39 44 44 45 40 34 29 27 26 25 23 23 23 22 21 21 21 21 16 17 28
24 26 29 34 38 44 51 55 58 58 55 48 43 40 38 37 31 30 28 27 24 23 22 23 20 21 22
24 30 38 43 50 56 61 66 68 73 74 71 66 61 56 50 45 41 36 32 28 24 23 22 24 22 13
28 36 45 56 66 73 84 89 100 100 95 87 80 75 71 64 55 48 43 36 33 31 28 26 23 20 38
33 41 52 63 78 93 108 118 137 133 124 114 106 100 93 83 69 60 51 43 38 35 32 28 23 38 51
34 42 52 66 83 104 123 137 150 151 152 148 143 131 113 99 87 75 61 49 41 36 29 23 31 50 31
34 43 54 68 85 107 130 150 163 178 189 184 181 177 154 132 114 100 84 70 58 49 40 38 32 26 31
34 40 50 61 77 98 122 140 169 192 213 223 225 220 198 174 150 135 112 94 78 62 48 40 40 32 34
32 37 43 53 65 83 107 124 154 174 202 231 255 255 235 205 181 165 142 120 101 81 63 51 45 43 30
29 34 38 46 55 68 88 103 127 143 172 209 246 255 240 215 198 185 165 141 119 96 76 63 48 46 42
24 27 33 38 45 54 66 79 94 115 143 167 188 203 206 203 206 200 184 161 134 110 90 80 68 44 46
19 21 25 31 35 41 50 60 74 88 105 121 136 151 162 171 190 191 183 165 141 120 106 97 76 61 40
14 15 20 24 30 34 42 50 67 71 81 92 108 122 133 139 148 152 152 142 129 117 107 98 69 74 51
15 15 17 22 26 30 37 45 46 56 66 72 77 83 95 105 110 115 117 112 105 98 89 81 78 56 50
21 17 19 21 24 27 31 36 38 45 53 55 54 57 69 79 83 88 89 86 81 78 73 69 65 51 36
19 18 19 22 24 23 26 29 32 37 42 41 40 43 49 58 69 69 69 67 66 67 70 71 53 41 31
17 16 19 21 23 21 23 25 28 30 33 34 33 37 41 46 50 49 49 52 54 54 59 64 40 32 25
18 17 18 20 21 20 22 23 25 27 28 29 31 33 35 37 38 36 40 46 46 40 40 43 29 26 22
21 19 18 19 20 19 20 25 26 25 24 24 28 28 27 26 30 28 34 41 41 31 26 26 23 22 20
