27 27 25 24 26 25 27 29 27 26 23 17 13 12 13 15 17 18 18 17 16 18 18 18 13 14 23
26 27 26 26 27 27 27 29 29 27 25 18 15 13 15 16 17 19 19 19 17 18 19 20 17 18 17
16 18 21 22 24 25 25 27 25 29 34 32 29 29 25 22 23 22 21 20 18 18 18 21 22 20 8
16 18 24 28 32 33 36 38 46 45 42 35 32 30 29 27 22 20 19 17 18 21 23 23 21 18 33
23 26 31 36 44 48 55 59 71 65 58 48 42 38 32 29 23 21 16 15 17 21 24 25 21 36 46
25 28 32 38 47 57 67 73 79 78 76 73 70 58 44 33 29 23 14 11 12 14 16 16 28 47 28
24 28 32 39 46 58 73 85 92 103 111 108 106 102 82 60 46 36 25 20 20 18 20 25 24 21 26
22 22 26 31 39 50 65 77 101 120 139 148 152 148 126 102 73 61 44 35 30 24 21 21 28 22 28
16 15 16 21 27 38 53 66 91 108 136 164 192 198 171 136 103 86 67 53 45 35 27 24 26 30 19
18 18 18 19 23 30 42 49 69 81 108 144 180 193 172 143 118 104 87 72 56 43 33 29 21 26 29
25 26 27 27 26 27 32 36 42 55 77 97 114 125 127 123 124 121 106 88 68 51 41 37 33 18 26
24 26 28 27 24 21 22 23 27 32 42 51 61 70 80 89 110 113 107 93 73 58 50 48 35 30 16
18 19 19 19 19 15 16 17 25 22 22 28 37 47 55 61 71 77 78 70 60 53 46 46 23 37 23
17 15 18 18 17 16 17 19 13 17 20 22 21 24 32 40 44 49 53 50 45 41 35 32 35 21 23
22 18 20 19 21 19 20 21 19 22 26 25 21 23 31 38 35 37 40 38 36 35 34 33 35 24 15
20 19 19 22 21 20 19 21 21 23 27 24 21 21 27 31 33 28 30 31 33 35 43 46 31 22 15
18 17 19 21 20 18 16 17 17 17 19 17 16 18 22 23 21 17 19 22 27 29 38 45 25 19 16
19 18 18 20 18 17 15 16 17 16 17 16 17 19 21 20 16 14 17 25 27 24 26 30 20 18 17
21 19 18 19 17 16 17 20 21 17 16 15 17 17 16 15 17 15 20 30 30 23 18 19 20 19 20
