22 21 20 20 21 24 27 30 30 32 29 23 20 20 22 22 22 22 22 21 20 20 20 20 15 16 24
24 24 25 25 28 30 34 36 38 38 37 30 25 23 24 24 22 22 23 22 20 19 21 22 19 20 18
24 27 31 35 38 40 42 43 42 46 46 43 37 33 28 26 27 28 25 22 20 18 19 20 24 22 12
25 30 37 44 51 55 60 63 70 68 63 54 47 43 38 35 33 30 26 23 22 23 24 25 23 20 37
25 30 39 49 59 71 82 89 104 100 91 81 73 66 59 53 42 37 29 25 25 26 27 27 23 38 50
24 28 37 48 61 79 96 107 118 119 119 117 111 99 84 69 57 47 36 28 25 23 22 19 30 49 30
22 27 36 48 62 81 103 122 134 150 158 156 155 151 130 105 84 70 55 46 40 33 30 31 27 22 27
22 25 33 43 56 74 95 114 141 165 186 197 202 198 176 150 119 102 82 68 57 44 34 30 30 24 28
23 24 29 37 47 63 84 100 128 149 177 208 237 244 217 183 150 133 111 92 76 59 44 34 32 32 20
24 25 28 32 39 50 66 80 103 119 149 186 225 241 222 193 168 153 132 112 90 70 54 44 31 31 31
22 22 24 28 32 37 47 57 70 91 118 143 167 182 186 181 176 168 151 129 104 81 64 54 46 25 31
20 20 23 25 25 26 32 37 49 61 79 94 110 126 140 146 160 158 150 131 108 89 76 69 50 41 23
20 21 22 23 22 21 23 28 39 43 50 62 76 91 102 108 117 121 119 108 95 84 73 67 42 51 33
21 22 22 23 21 21 22 26 24 30 39 44 47 54 66 77 80 85 87 81 74 66 59 53 52 34 33
23 22 21 21 23 22 23 25 25 31 36 37 35 38 48 56 59 62 63 59 56 52 50 47 47 34 23
21 20 19 22 23 22 22 24 24 28 31 30 27 28 34 41 47 46 46 45 47 49 53 57 38 31 22
19 18 19 21 22 20 19 20 20 23 24 23 22 24 28 32 34 31 31 34 37 40 46 54 29 25 20
20 19 18 20 20 19 18 19 20 19 20 22 22 24 26 26 25 23 26 33 36 31 31 36 24 21 18
21 19 18 19 19 18 19 21 22 20 19 19 20 20 19 18 23 21 25 33 33 26 21 22 22 21 20
